si 4 =>1234 (oblige)
si 1 =>4321 4231 4123 (commence par 4)

si 3 => 1243, 1342, 2341, 1324
si 2 => 1423, 1432, 2413, 2431, 3412, 2143, 3421




2 => 2
	3 4 1 2 | 2 1 4 3 | 1 4 2 3 | 3 1 4 2  | 3 2 4 1
	
--------------------------------
	
3 => 2
	1 2 4 3 | 1 3 4 2 | 2 3 4 1
	
2 => 3
	3 4 2 1 | 2 4 3 1 | 1 4 3 2

--------------------------------

2 => 1 
	3 1 2 4 | 3 2 1 4

1 => 2 
	4 2 1 3 | 4 1 2 3

--------------------------------
 
3 => 1
	1 3 2 4 | 2 3 1 4 | 2 1 3 4

1 => 3
	4 2 3 1 | 4 1 3 2 | 4 3 1 2
	
--------------------------------
	
4 => 1
	1 2 3 4
	
1 => 4
	4 3 2 1
